# Frame list with one line of data per frame:
#   FRAME_ID, RIG_ID, RIG_FROM_WORLD[QW, QX, QY, QZ, TX, TY, TZ], NUM_DATA_IDS, DATA_IDS[] as (SENSOR_TYPE, SENSOR_ID, DATA_ID)
# Number of frames: 68
1 1 0.9956153093442337 0.075937681806669918 -0.010689130343218386 0.053566470611014175 -0.13985340485545084 -2.1622442355265576 2.3244726825630098 1 CAMERA 1 1
2 1 0.99796169594754947 0.034685609972392104 -0.0040070107107435813 0.053416343449340979 -0.39907094833242052 -2.6681208632874345 2.1249485504181389 1 CAMERA 1 2
3 1 0.99882026819978365 -0.0055287944676891895 -0.010976566502740866 0.046978923496152049 -0.6264633450497421 -3.0176585926848603 1.6550041501309884 1 CAMERA 1 3
4 1 0.99859070833621977 0.012380813655704452 -0.051505520851301015 -0.003239444339059558 -1.1154428145624817 -2.0909967076994649 1.7792131158772331 1 CAMERA 1 4
5 1 0.99672445511992591 -0.059200651226383724 -0.054942862742087907 -0.0041140362131481447 -1.2206861633345059 -2.7482701042289248 1.2626008962852655 1 CAMERA 1 5
6 1 0.98193551415730529 -0.018006485289335974 0.084993583416628188 0.16809075912183338 -0.8399144395961804 -2.7484406340088339 1.90285618626055 1 CAMERA 1 6
7 1 0.96079590451678965 -0.014275186691784519 0.14889655893861953 0.23344648989632963 -1.3425412615509555 -2.855276739153696 1.8047536066853509 1 CAMERA 1 7
8 1 0.92966053679528182 -0.01283929848155249 0.22114361871209889 0.29438399861902814 -1.4659427720442988 -2.9324865084834255 1.9633056995881049 1 CAMERA 1 8
9 1 0.89714282522868027 -0.0032056526772349073 0.2710979082782522 0.34875550039930714 -1.7054503864899171 -3.0804594275950987 2.0239729197792293 1 CAMERA 1 9
10 1 0.86263811375194921 -0.013384314885219762 0.32685100149643725 0.38580405342389595 -2.3365787092160684 -3.0942694789457077 2.4605945954807482 1 CAMERA 1 10
11 1 0.77936318781988245 -0.011382794775601923 0.41752329877517064 0.46705219026809719 -1.4792876390593677 -3.3158135298957223 2.9057454789783042 1 CAMERA 1 11
21 1 -0.36819066457601807 0.052140702012966243 0.63354649843445021 0.67848052001079029 1.4185232388656204 -5.3611960616600829 3.6284250301293195 1 CAMERA 1 21
22 1 0.48448582255065203 -0.058284793761277501 -0.59913020697828423 -0.63475929741105963 1.9292838208145542 -4.9740281761963461 3.3474318868720814 1 CAMERA 1 22
23 1 0.58750602964167908 -0.063135101472824917 -0.56688203060172448 -0.57401688779821836 1.7667471480194279 -4.4751958409627353 3.0526291226924411 1 CAMERA 1 23
24 1 0.68080411729768509 -0.048560378065069347 -0.50802908535596303 -0.5254085001073745 1.8183307933223516 -4.1762052226636222 2.4604651263527813 1 CAMERA 1 24
25 1 0.77032054297060693 -0.021358456488625787 -0.45498157108228787 -0.44625312031333286 2.0697791196482935 -3.7472021818030572 2.1911226899605349 1 CAMERA 1 25
26 1 0.81639882044445622 -0.03491860211187358 -0.40640276053426705 -0.40879145469735595 1.6565905919202357 -3.5428577905261744 2.1737465872267636 1 CAMERA 1 26
27 1 0.87695286712094311 -0.013728746135706238 -0.34359638237720919 -0.33571820980577349 1.986337373844405 -2.9525154245514762 2.0211257623724523 1 CAMERA 1 27
28 1 0.91127735067705107 -0.020841645059843188 -0.28825677960223894 -0.29333810694753032 1.5361451030484483 -2.758504007201263 2.1041524472534348 1 CAMERA 1 28
29 1 0.92725752419642571 -0.018580949126970777 -0.25934195727878973 -0.26942527970749591 1.0175658639790388 -2.7179664905549075 2.1570405810405298 1 CAMERA 1 29
30 1 0.96486064780644409 -0.0032487180820818468 -0.17419460705076908 -0.19669675904747483 0.55912942897041462 -2.4494955380211292 1.8885377050642962 1 CAMERA 1 30
31 1 0.97965775594553606 0.032289800259371448 -0.12694906790023744 -0.15202626146237827 0.097860315699744405 -2.1423331481520056 0.69860121526039998 1 CAMERA 1 31
36 1 -0.042228523846906438 -0.0091519469728271741 0.36563746748499382 0.92975385775563091 0.46513718617309824 -2.0606165963346386 2.014510801740045 1 CAMERA 1 36
37 1 -0.048347796628523031 -0.01113145783474127 0.28399440308241536 0.9575415187998394 0.44093107751299515 -0.99009709815895974 1.3586440039092502 1 CAMERA 1 37
38 1 -0.041752114714629168 -0.037277148702268253 0.2139021337401697 0.97525025110629315 0.62554361938977443 0.027622429129507464 1.2134988538634643 1 CAMERA 1 38
39 1 -0.054663573952362793 -0.056360553581708557 0.1549821796950149 0.98479231600358252 0.62956915805139069 0.68389110040510415 0.78730928007141154 1 CAMERA 1 39
40 1 0.99174313473941023 0.084724945704323013 0.07518264926067468 0.060123269395417449 -0.7228713195693911 -1.5214748677436334 0.46496175083253388 1 CAMERA 1 40
41 1 0.99328472492853781 0.044248074436515447 0.086297787640077853 0.063089262008107341 -0.90847478123743142 -2.001883482029823 0.20565026016565033 1 CAMERA 1 41
42 1 0.99280186691825589 -0.021045593756905553 0.10413086046862004 0.0553018980244789 -0.97672733792454547 -2.7591422057245096 0.33068141134371892 1 CAMERA 1 42
43 1 0.78853976947936621 0.041740461621205413 0.41754754211125078 0.44957403827393089 -2.525456056840282 -3.6305857382169067 2.1976411932535287 1 CAMERA 1 43
44 1 0.77545249592334786 0.0870098332204777 0.37832788856665045 0.49796658946348499 -2.2263512952117646 -2.9322635113589688 1.8544074156027719 1 CAMERA 1 44
45 1 0.75918556978645069 0.11622005674734945 0.34322869622632324 0.54067016851722416 -2.0877919364893249 -2.1593395739847212 1.6195999057406145 1 CAMERA 1 45
46 1 0.74026653823824551 0.14764874372036324 0.26903874494150903 0.59818346229468811 -1.7556586194201131 -1.595113551122616 1.1009730335486378 1 CAMERA 1 46
47 1 0.70444092769563049 0.18658599237462434 0.21653856440214858 0.64966121706898339 -1.2430067478309923 -1.1011956477862295 0.91942167920709994 1 CAMERA 1 47
48 1 0.66832557822975858 0.22814843457911205 0.13292967951733173 0.69542714470056388 -0.9914577617787238 -0.33828341810516793 0.68703847676839869 1 CAMERA 1 48
49 1 0.62555316046942977 0.25922782117806248 0.076914063363097543 0.73182539380029699 -0.75294283908731685 0.83786327274901262 1.0899871835462709 1 CAMERA 1 49
50 1 0.5763088487219572 0.29978413917143565 -0.024845400902810223 0.75985543811964151 -0.30444364059928319 1.9306343070084468 1.1233847401269881 1 CAMERA 1 50
51 1 0.56737435471045783 0.33300689963824126 -0.084230993401919405 0.74839687743919925 -0.4717924758907367 2.4420842203863891 0.93154648983939015 1 CAMERA 1 51
52 1 0.53888722022210245 0.35095292892060626 -0.15647395218501109 0.74963224840647424 -0.40565140920988557 3.1600936270793296 1.4029655841957609 1 CAMERA 1 52
53 1 0.53453839775186007 0.34711421759498506 -0.14089939059398826 0.75758021555643751 -0.32118012101340471 3.5865119815192017 1.5790923416931779 1 CAMERA 1 53
54 1 0.94947492447203885 0.0073915296934829759 0.20169347531262544 0.24033825143726512 -1.4957315077747808 -2.5209872691955786 1.0298089248962765 1 CAMERA 1 54
55 1 0.94121435950809174 0.077493743447964628 0.19200004467857884 0.26691989814477579 -1.5957191806112232 -1.7193849769301082 1.1512160814587065 1 CAMERA 1 55
56 1 0.92173060543230823 0.15422668696484995 0.16986196878400162 0.31268791405818613 -1.4815206111919694 -0.7241709204635739 1.261460559683486 1 CAMERA 1 56
57 1 0.90527329450799476 0.22678334953822243 0.12769425747178256 0.33577336289764875 -1.1740263298832938 0.10827263277563549 1.3698657649575878 1 CAMERA 1 57
58 1 0.87290379425456921 0.30925668525884364 0.074482673345035222 0.36993458877221264 -0.96717586214810525 1.1435732062803714 1.3857658706455676 1 CAMERA 1 58
59 1 0.84073176431670404 0.38067828984533242 0.0026582520987553041 0.38502866621218551 -0.60719096625731905 1.8704437055539758 1.2705439001069487 1 CAMERA 1 59
61 1 0.79100054759267402 0.46016256749984702 -0.060216537026496798 0.39867595092828839 -0.44882945970382454 3.2443809283389231 1.5768521790384231 1 CAMERA 1 61
62 1 0.76289416103916707 0.50152298929615824 -0.099030523311548907 0.39580316536434096 -0.35701535482897084 4.0086607628822657 2.1958868308081376 1 CAMERA 1 62
63 1 0.75686574578639054 0.50948929263877563 -0.10534594175875793 0.39557191014607118 -0.37139530619930067 4.1154846701688577 2.1972753484255345 1 CAMERA 1 63
64 1 0.72785374042206075 0.53973868660974567 -0.14727497833175693 0.39651124005226213 -0.27799452101585798 4.7006430378572919 2.4070642698499225 1 CAMERA 1 64
65 1 0.9637565901343712 -0.018578566915280287 -0.25080070374312474 -0.089034144157720388 1.6576829649791884 -2.05508852543882 0.88527482941567204 1 CAMERA 1 65
66 1 0.96190636843654564 0.050064897260510853 -0.24415442577362373 -0.11233103221578257 1.5484925074015905 -1.1113424755362455 0.82712406691325968 1 CAMERA 1 66
67 1 0.95046539640904459 0.16307469042696404 -0.2226790518801956 -0.1429552916994854 1.5489550083117645 -0.077777844222250384 0.2468657166424994 1 CAMERA 1 67
68 1 0.93515724428910896 0.25032543219006426 -0.17990146864122808 -0.17450950699943735 0.91044771942449843 0.83385360733072822 0.76152737789539182 1 CAMERA 1 68
69 1 0.91151538852169378 0.33573061401216098 -0.12330573510501329 -0.20302794633590543 0.49286272429160149 1.5895253490529229 0.89348613851221015 1 CAMERA 1 69
70 1 0.88068607598808457 0.40056567792088704 -0.079583186459542113 -0.24001185317695384 0.1753804691373694 2.3684479135546197 1.1820001060831224 1 CAMERA 1 70
75 1 0.99545345011561448 0.079623942908379139 -0.024904128749304453 0.045959120312309594 -0.30600932361967509 -1.1011002829495382 1.4935849423518175 1 CAMERA 1 75
76 1 0.99397369641470046 0.087731374551132987 -0.026862068876724984 0.059982714266094986 -0.35506050634292624 -1.4149297474726448 2.239698388885019 1 CAMERA 1 76
77 1 0.99441670143692806 0.084251403357990737 -0.032936507895979732 0.054335176296085648 -0.40647611424551044 -1.8096056078430294 4.8221946073075808 1 CAMERA 1 77
78 1 0.96841723178321581 0.08502195055023333 0.12368374639853588 0.1991021446062036 -0.74582097376506218 -2.6810996777476794 5.7981980956258683 1 CAMERA 1 78
79 1 0.95981496497595442 0.12652281485548625 0.12463621296761576 0.21728558338358084 -0.96314122191590379 -1.2827408761319476 1.0626035210940499 1 CAMERA 1 79
80 1 0.92421964402275436 0.086493906340276719 0.22177152657653751 0.29858707903786619 -1.7586023446266583 -4.0158713872138154 8.3465983047060295 1 CAMERA 1 80
81 1 0.90910645007177482 0.11651891192028428 0.22765941957569655 0.32881604930609115 -1.6803286329189975 -2.7897975588107946 4.1920864976374688 1 CAMERA 1 81
82 1 0.91907450157928072 0.087301252407748997 0.2317485941464596 0.30655038898356474 -2.078157176309908 -2.1607418587846019 0.39626731102955259 1 CAMERA 1 82
83 1 0.98026204613230972 -0.055698658642053957 0.13008533606266129 0.13806442582880693 -1.3498227556197082 -2.5048358472733567 0.51693031301220038 1 CAMERA 1 83
84 1 0.93547512131208765 -0.05852058529373419 0.23680846922660337 0.25570175479563462 -1.6982747238529441 -2.9659132276841333 1.1654919616832671 1 CAMERA 1 84
88 1 -0.42453947092863653 0.070703581456930245 0.64414925800133827 0.63232821747026458 1.9422330976744722 -4.0375740325095117 3.5719885012524117 1 CAMERA 1 88
89 1 0.57988871113988028 -0.059622214059244331 -0.55897391384967077 -0.58967994532524437 1.8322934265665967 -3.4904970994946192 2.040974878345486 1 CAMERA 1 89
