# Frame list with one line of data per frame:
#   FRAME_ID, RIG_ID, RIG_FROM_WORLD[QW, QX, QY, QZ, TX, TY, TZ], NUM_DATA_IDS, DATA_IDS[] as (SENSOR_TYPE, SENSOR_ID, DATA_ID)
# Number of frames: 55
1 1 -0.24692619498666574 -0.028232030067728228 0.61955816856209556 0.74456570057694982 0.19701378439139444 -3.8324366197297683 1.5165592980455695 1 CAMERA 1 1
2 1 -0.33163444902047257 -0.031698735352756267 0.60403301359534989 0.72398750050456229 0.33448486545693096 -3.7876401163190021 1.5730880537637295 1 CAMERA 1 2
3 1 -0.43161127072995631 -0.035062666985721698 0.58131479625627458 0.68887983568707156 0.46655218225113071 -3.6334450954222186 1.6271617699700287 1 CAMERA 1 3
4 1 0.54696743490057054 0.03907933913627714 -0.52765116282520041 -0.648755486127228 0.37686302460861892 -3.434630566478996 1.6587197654497137 1 CAMERA 1 4
5 1 0.63491518008668313 0.064751751106176023 -0.47156751940348557 -0.60853430426543909 0.82175578949744899 -3.129696234898931 1.462777116826222 1 CAMERA 1 5
6 1 0.70981202132443444 0.074923757546098729 -0.4194831752893502 -0.56088072759514429 0.70651565341161093 -2.8666899468973299 1.3546650469507666 1 CAMERA 1 6
7 1 0.81142663642980095 0.063621492996341636 -0.33854829375234907 -0.47214846406454536 0.31114324799865478 -2.7273805928747921 1.555626404069093 1 CAMERA 1 7
8 1 0.88642728952300176 0.062043275507352322 -0.26591753075873847 -0.37374477814198098 0.14902974590221951 -2.7807746661548118 1.5912529082223132 1 CAMERA 1 8
9 1 0.94193190292979967 0.057192548716431466 -0.17755749782328425 -0.2792250661761933 0.016351635713551631 -2.6497666483556799 1.8613327270307296 1 CAMERA 1 9
10 1 0.98139690214123121 0.015966260836999098 -0.10569132863938567 -0.15948210568249033 -0.064272566317244068 -3.0966853639982985 2.2135850532626331 1 CAMERA 1 10
11 1 0.99755077921441693 0.031119611278616222 -0.032745136403523167 -0.053401954313416412 -0.0052810467518032769 -2.9342829652662483 1.9684690049813116 1 CAMERA 1 11
12 1 0.9950196571695199 0.026391258530248814 0.072484367131633698 0.063130023292939333 -0.24195576156172655 -3.0581927963283131 1.9696755053782693 1 CAMERA 1 12
13 1 0.95085153510177844 0.0063919876683562931 0.18093540752557696 0.25120286421892651 0.14934281568375893 -3.1945130421351915 1.8832881110774622 1 CAMERA 1 13
14 1 0.89385142836466536 0.00092212592371369937 0.2982405288525139 0.33478554425781509 0.00042758746572134484 -3.2386603480092573 2.4343485045512803 1 CAMERA 1 14
15 1 0.81515351487527599 -0.033878060392042372 0.37469428593951176 0.44043298729186448 -0.034244272601152981 -3.7063694049243439 2.5628148568826492 1 CAMERA 1 15
16 1 0.72054609942737879 -0.065211595633177105 0.41778023300628697 0.54956386644700128 0.53386087352031442 -3.6008195048629794 2.6065801296561113 1 CAMERA 1 16
17 1 0.61697531213327939 -0.08552733325001062 0.43119795032893066 0.65275942514628882 0.50956802284122382 -3.6503667329334251 2.4042177480860052 1 CAMERA 1 17
18 1 0.44761076626306551 -0.13470462181852438 0.44812981198712942 0.76202292511085234 1.3796737093825568 -3.1661989801219215 3.0290464955205909 1 CAMERA 1 18
19 1 0.26471301714728657 -0.14786060920954522 0.47423507385579933 0.82653817426779941 1.6060562365666367 -2.812688273826859 2.43047551986814 1 CAMERA 1 19
20 1 0.11290704146090283 -0.16431244828073172 0.52127797108919594 0.82977267741573002 1.6434595086931849 -2.7729321324197893 2.0721167233928162 1 CAMERA 1 20
21 1 0.025857446813786943 -0.15753061393341797 0.4920783207299686 0.85578877322947333 1.5177409645949793 -2.7495416859465376 1.3786812177791095 1 CAMERA 1 21
22 1 0.999566067823632 -0.019426880141596551 0.020949460929489429 0.0071688541853040574 -0.19466676740119268 -3.0472506263336112 0.73712938712415277 1 CAMERA 1 22
23 1 0.99827949392681758 -0.01384028204384014 0.040830792868091423 0.039740973213134974 -0.21875896988078058 -3.7620232832393934 2.5038420978761313 1 CAMERA 1 23
24 1 0.99146403949725181 0.065150024190026065 0.060665005126143159 0.09525906720557395 -0.1475101815060563 -2.6295491121677563 0.95432465195513161 1 CAMERA 1 24
25 1 0.98269912138580462 0.13162418401384762 0.068716309423014446 0.11070492233652908 -0.16058075161258412 -1.9290153683196487 0.9387147187668522 1 CAMERA 1 25
26 1 0.96275189772393932 0.22982544132344668 0.079587695744812295 0.11813064223759903 -0.3238930585373343 -0.9575204345937256 1.0634668193802814 1 CAMERA 1 26
27 1 0.92593470424217861 0.34066263996921148 0.090579183022032647 0.13560715619840152 -0.17667147669610656 0.29955307340681542 0.64949108049108484 1 CAMERA 1 27
28 1 -0.12759111072787832 -0.062119785359041037 0.46315308706500247 0.87484333378744517 0.28705961214293207 -1.7994781158317219 1.9083525643831134 1 CAMERA 1 28
32 1 0.63805841803003882 0.025186166861331506 -0.48984901746211945 -0.59354448213359179 0.45434891902651742 -3.2327755386198822 1.3484180335575009 1 CAMERA 1 32
33 1 0.59237836200138805 0.070358527313323677 -0.49249163040884597 -0.6337109339786472 0.5953684746570812 -3.2168997726202893 1.5496589538348597 1 CAMERA 1 33
34 1 0.60658736990295736 0.12942818242244317 -0.4581770093034806 -0.63668982747861913 0.98684441231484066 -2.5824666421472187 1.4897300066653181 1 CAMERA 1 34
35 1 0.64509332292447963 0.25229363833980339 -0.34184496957452354 -0.63509412022794753 0.87000279153282856 -0.8055335963796002 1.683817255237601 1 CAMERA 1 35
36 1 0.6863535948045254 0.41146950112663666 -0.16184561373196432 -0.5774232328692932 1.0626877588594392 1.4204027383780413 0.73065976391513066 1 CAMERA 1 36
37 1 0.64801340887412817 0.5071901434198689 -0.09472131241460395 -0.56023624776652925 1.140124852348289 2.3354458451396871 1.1835436963557588 1 CAMERA 1 37
38 1 0.53578653607569993 0.037614826453040158 0.54968764493155675 0.63981357097244274 -1.0900126779653203 -3.0027649951257489 1.3630915587453818 1 CAMERA 1 38
39 1 0.5389243473188966 0.026972646657808651 0.57243148453898962 0.61737769615338622 -0.84864323998164137 -3.0902522829627936 1.1004013863646165 1 CAMERA 1 39
40 1 0.13864223701657571 -0.086817000746974432 0.61247762167194542 0.77337720515115838 0.55063445541830014 -3.6299070934941837 2.4752199678700344 1 CAMERA 1 40
43 1 -0.25532583842513429 -0.018746163980158315 0.60924397945019015 0.75051920100169833 0.19486806752855509 -3.3274792075823059 3.0019212256392658 1 CAMERA 1 43
44 1 -0.3894378285673793 -0.046063920649796398 0.54897422717163913 0.73813521173047658 0.26262043392989054 -3.2557645965621993 2.7283288136031025 1 CAMERA 1 44
45 1 -0.40577432429417132 -0.03496960344017503 0.57368274574247047 0.71064226711913625 0.37111163405759012 -3.4458093659297706 1.582725943657449 1 CAMERA 1 45
46 1 -0.36905488192478653 -0.10463288146724728 0.4917036909120992 0.78171473990629192 0.28753384109872115 -3.0133525482306647 3.7608353727901678 1 CAMERA 1 46
47 1 0.61039849388962553 0.083198565034614105 -0.46877433273965363 -0.63304210159984664 0.66038883271224968 -3.2173085516427538 2.5364608649091962 1 CAMERA 1 47
48 1 0.74142523228452029 0.066953565160894721 -0.38889054614394314 -0.54274302221581516 1.0627713551552882 -2.9515408623108859 2.3546982443392528 1 CAMERA 1 48
49 1 0.81851905517888768 0.068006543810382736 -0.31636791053952035 -0.47467147743348298 0.49806280424485211 -2.7414579231474678 1.9600070932782727 1 CAMERA 1 49
50 1 0.89789046146257512 0.066937729621647152 -0.23228772358229485 -0.36790552189465536 -0.023085025240159839 -2.575612252756025 2.1250177241988726 1 CAMERA 1 50
51 1 0.95801773596436535 0.043768322856409393 -0.14301711298017308 -0.2446067392507113 0.037846608003178114 -2.7830733064061866 2.4153163879832551 1 CAMERA 1 51
52 1 0.98905089580930028 0.042555054671386337 -0.069900849134144641 -0.12280579836091457 0.35832970362021399 -3.3375488658363945 3.0963414925188197 1 CAMERA 1 52
53 1 0.99763610163976735 0.054945980451401873 0.041209187805631285 -0.0022250343013211836 -0.23363462712381702 -2.6699460761316929 2.5635499779560247 1 CAMERA 1 53
54 1 0.9629309591161439 0.04697300261338716 0.16918457844976956 0.20477813217216292 0.087404579475190688 -2.685495846223104 2.6164933291096077 1 CAMERA 1 54
55 1 0.89331502078313241 0.018341187237517459 0.29049063191739921 0.34244279414550438 -0.39555685295119852 -3.0712393211138531 2.9989170528752269 1 CAMERA 1 55
56 1 0.77426914734359686 0.0085085341437862814 0.40627945352594463 0.48515141756074798 -0.00080595997459433771 -3.5195085979292196 3.2940392012374846 1 CAMERA 1 56
57 1 0.7513223926257494 0.018982013747234145 0.41286874263271589 0.51448396170347166 0.040984287604978527 -2.6087344241803607 0.980586080074758 1 CAMERA 1 57
58 1 0.7189205438218994 0.00016095370189764187 0.36164196167829193 0.5936061971696448 0.7303257649367132 -2.6826017292358588 3.548944295446876 1 CAMERA 1 58
59 1 0.54445738238903729 -0.071419064372150662 0.37026539466166764 0.74924562963178098 1.4880514312098674 -2.3755639058328222 3.294964088420469 1 CAMERA 1 59
60 1 0.52755133645775598 -0.097960136615088039 0.38854045368490375 0.74908591956218085 1.4011906548340609 -1.704726194481637 1.5461187320341452 1 CAMERA 1 60
