# Frame list with one line of data per frame:
#   FRAME_ID, RIG_ID, RIG_FROM_WORLD[QW, QX, QY, QZ, TX, TY, TZ], NUM_DATA_IDS, DATA_IDS[] as (SENSOR_TYPE, SENSOR_ID, DATA_ID)
# Number of frames: 42
1 1 0.87089568485046254 -0.19157610463304478 0.3480269402633841 0.28933812588972702 -0.473703513308109 -1.7622024258878584 3.4206213698197629 1 CAMERA 1 1
2 1 0.68132924992042565 -0.11278596727870095 0.55336478809599698 0.46567927813394322 -0.39332929899982882 -1.9709354039295874 3.4837035977126365 1 CAMERA 1 2
3 1 0.51962476989398332 -0.07470243698325206 0.68434834713251302 0.50604049659922035 -0.60939366589394672 -1.867691398793216 3.9650848731795256 1 CAMERA 1 3
4 1 0.40743565929642328 -0.038693570658742051 0.75120286995495977 0.51787376772221017 -1.1073338008972056 -1.7185889230168025 4.2138828232730763 1 CAMERA 1 4
5 1 0.017268297233408759 0.0080548378412136391 0.8095388573497756 0.58675698882827976 0.17822337515854805 -2.0370884581033373 3.7903408540176255 1 CAMERA 1 5
6 1 -0.16299004525866811 0.055826757346821097 0.77950941230280446 0.60223142930442708 0.28220512871388764 -2.1773043087273245 3.2644808452975611 1 CAMERA 1 6
7 1 -0.37035880788486281 0.13778534345346136 0.73467912394481061 0.5514491249346587 0.13001065157163055 -2.0419830027002188 3.2875609397073777 1 CAMERA 1 7
8 1 0.53471737525190433 -0.16181663107890329 -0.65790510506759858 -0.50502829548054073 0.35987561603421697 -1.9003984178398809 2.9279002381030583 1 CAMERA 1 8
9 1 0.63416557324348666 -0.19051480623899453 -0.60020862536571151 -0.44865102290430747 0.28979838366427457 -1.8062338384001249 2.9623202733822538 1 CAMERA 1 9
10 1 0.71268979067465543 -0.19489450768646066 -0.54220353708765689 -0.40013087547876358 0.20095235127373132 -1.7857529885637711 2.9731721523068808 1 CAMERA 1 10
11 1 0.84764960299493297 -0.19138999401864024 -0.40294841087107336 -0.28721524839143525 0.2092988989071827 -1.6933390867164455 3.0235513909919103 1 CAMERA 1 11
12 1 0.9066926668891282 -0.22028801395210734 -0.29628968831674624 -0.2039461186580469 -0.20393272056263659 -1.5925965651846534 3.0303659885180014 1 CAMERA 1 12
13 1 0.94836083490651668 -0.24855078946954814 -0.14465685594942723 -0.13382311420791804 -0.34112093346165545 -1.5198184751118902 2.7769537595871516 1 CAMERA 1 13
14 1 0.96291083867755556 -0.24675149804039112 -0.088929612049648374 -0.063308285972757505 -0.59615129765697461 -1.696028702641408 2.6806936168801987 1 CAMERA 1 14
15 1 0.96156546717479252 -0.22494389339677412 -0.13044663182902877 -0.088180345910444602 -0.21535616697373094 -1.5695091508663741 3.1219080117193259 1 CAMERA 1 15
16 1 0.83123787693058049 -0.10745713115509539 -0.38978815068821876 -0.3815255620570086 0.26216416197207665 -0.97736528089134023 2.9480489069372844 1 CAMERA 1 16
19 1 -0.27160395250316899 0.020816600727695207 0.63260176277696634 0.7249917046768708 0.26557659256308319 -1.4030822504008582 2.3090575512002518 1 CAMERA 1 19
21 1 0.37166999224443342 -0.026166887099479848 0.60017050095798841 0.70779381225352866 -0.31913086376305555 -1.2042245939693423 2.5402149282728814 1 CAMERA 1 21
23 1 0.70660512656144325 -0.035220832120271404 0.44467862371486466 0.54929919871860022 -0.34800857852969402 -1.4706428309539712 3.2512837601410953 1 CAMERA 1 23
24 1 0.80020624846347399 -0.021884532420236125 0.38150466263485083 0.46221771877398793 -0.80076187779240204 -1.3277880273522142 5.7948319132130113 1 CAMERA 1 24
26 1 0.99351511213915245 -0.093999936482448046 -0.0150086166888483 0.062180988392839726 -0.23495795184260257 -0.85985856929172477 3.7309930719330682 1 CAMERA 1 26
28 1 0.9868619283768657 -0.15076509479043504 -0.041226454459618783 -0.040912100481573462 -0.21573411108752127 -1.0466932114869318 2.4657950843394136 1 CAMERA 1 28
29 1 0.99151726603685275 -0.12635406199071442 -0.02842570703066637 -0.010960900923665903 -0.22906576667341857 -1.2225257407107302 3.9321394697314003 1 CAMERA 1 29
30 1 0.72908771594461552 -0.053467813888801424 -0.435506213308126 -0.52526815390487303 0.13049227417258313 -1.1100479886747823 2.9590411834784769 1 CAMERA 1 30
31 1 -0.32079137534857621 0.053671388536993075 0.6574114877719327 0.67972230454794857 0.15305849104125877 -1.5997884867608609 3.1061661193453158 1 CAMERA 1 31
32 1 0.76984473027395339 -0.019557178809412518 0.40469611872783084 0.49313046905770302 -0.41483947099523555 -1.5440274417807769 2.8899823901058053 1 CAMERA 1 32
33 1 0.95090091386805231 -0.089077998614534887 0.17155884430406429 0.24170255503156327 -0.40504645733162215 -1.4687391470099114 3.3442940138729629 1 CAMERA 1 33
34 1 0.83381856152608325 -0.2871836491217048 0.39891568616491496 0.25127362269703096 -0.71796363907064287 -2.1499851141775652 4.3433622158968763 1 CAMERA 1 34
35 1 0.91937475826656079 -0.33230526513006892 0.17357272762655665 0.11914601484487333 -0.75526900804723451 -2.0827810149108306 3.9239799835956286 1 CAMERA 1 35
36 1 0.92446523224909638 -0.38105137259579791 -0.012801744053069495 3.398062099487983e-05 -0.093092254532234311 -2.1105847742350008 3.8296492869110637 1 CAMERA 1 36
37 1 0.87500574702851963 -0.39096421337063442 -0.24042083326871708 -0.15397970470461042 -0.31243031472016242 -1.9705747132720457 3.9685690188327229 1 CAMERA 1 37
38 1 0.78417599669422811 -0.26425469648136607 -0.4897333326059542 -0.27458828185270545 0.19640994050673471 -1.7960241157713508 3.2309309671560098 1 CAMERA 1 38
39 1 0.73173178153557272 -0.26217872858253305 -0.54618146101789333 -0.3122766815021305 0.11401390947724541 -1.725407166178839 3.3792405221155635 1 CAMERA 1 39
40 1 0.6333828869303485 -0.23698795459124231 -0.63119080593012544 -0.37981705389794629 0.26123476769357495 -1.770777903370264 3.3613753013462477 1 CAMERA 1 40
41 1 -0.31600150820901635 0.14701835165058266 0.7945098040475812 0.49727539890874023 -0.062215976989311569 -1.8955980338643041 3.4457512714535268 1 CAMERA 1 41
42 1 -0.07937132061133631 0.05534400435640445 0.86643233449791657 0.48982879088789905 0.048574138665836666 -1.8383526166132906 3.8965100776819899 1 CAMERA 1 42
43 1 0.12759102800123506 0.044509829403587373 0.85640920070425719 0.49829979491180521 0.11750877221727894 -2.4333454144320612 3.9594808899134311 1 CAMERA 1 43
44 1 0.49082273021408651 -0.16520573986334353 0.68720063808863641 0.50946579279865922 -0.39588982394816025 -1.9759988744516737 3.4630410411202894 1 CAMERA 1 44
45 1 0.58094756691698213 -0.19328224871284702 0.6492240294753604 0.45127603124642041 -0.31549745686793002 -1.8010551409759914 3.7553284703862193 1 CAMERA 1 45
46 1 0.68695021514320798 -0.1934474898026354 0.56751445896839814 0.41061515980972485 -0.31303575065179745 -1.9741006464683617 3.3966375182450723 1 CAMERA 1 46
49 1 0.72434376976347092 -0.038499790103525937 -0.42859609243710933 -0.5386550463092955 0.20779601055488808 -0.91295061404524436 3.0682764923994008 1 CAMERA 1 49
54 1 0.73859406050607068 -0.030482948791888235 0.43807491233274115 0.51150755107111268 -0.4366614923749168 -1.4251681652729573 2.1433862448156993 1 CAMERA 1 54
