# Frame list with one line of data per frame:
#   FRAME_ID, RIG_ID, RIG_FROM_WORLD[QW, QX, QY, QZ, TX, TY, TZ], NUM_DATA_IDS, DATA_IDS[] as (SENSOR_TYPE, SENSOR_ID, DATA_ID)
# Number of frames: 18
15 1 0.95123063508928341 -0.23733771509290713 -0.17402358700585382 -0.092449332218965605 1.2961094763123857 -2.1024532064779522 3.1765774503661279 1 CAMERA 1 15
16 1 0.97044014292921188 -0.21817188788914565 -0.078350610797868606 -0.067142669845768013 -0.12914461272424049 -1.7982229049711114 3.125676508096531 1 CAMERA 1 16
17 1 0.99168578233842974 -0.066152031684498472 0.10885210444522152 0.018287623401538555 -2.6634237907165224 -0.038818254893764143 1.3681750504210788 1 CAMERA 1 17
35 1 -0.064933440859364283 -0.035444962403541731 0.19506457280337072 0.97799648022649521 0.71070425472938525 -3.8041679174383725 0.69481702149533398 1 CAMERA 1 35
36 1 -0.065423243506668782 -0.034435368529177036 0.10576626419402269 0.99163879611568606 0.28911198782085556 -2.5896313965870577 -0.50333671873223318 1 CAMERA 1 36
37 1 0.99519870223250873 -0.089529926662135023 -0.026602258095853072 0.029261838130999633 0.64271468409186838 0.55803053671148961 -0.73609222669239649 1 CAMERA 1 37
38 1 0.9841795515363424 -0.17224072721657069 -0.039998308630166492 0.011130028407733396 0.68176307360021948 -0.97194468599557604 -1.2421914285129247 1 CAMERA 1 38
67 1 0.97010844797394391 -0.14343696714354653 -0.17412226215955615 -0.089425239427613046 3.5243272752697345 -0.30354906474678606 3.026865825682604 1 CAMERA 1 67
68 1 0.98944998716228505 -0.099905973652353749 0.087413575819001818 0.058020566143952818 -0.62272758352102187 0.69790174596766541 5.760802137477806 1 CAMERA 1 68
86 1 0.99039438887371056 -0.13790655017688211 0.0030553683214413489 -0.0095604722791789182 0.091415378542992226 -0.79850679252956724 4.5990295304877762 1 CAMERA 1 86
87 1 0.99176337435373985 -0.1230729857805751 -0.02756647114660855 -0.022327989834763001 0.28021394928847504 0.20254298009166288 1.1798714506138315 1 CAMERA 1 87
88 1 0.99231168698942107 -0.11530382104299521 -0.04048563454072851 -0.019582086531543638 0.66198111463823173 0.20163911290207873 -0.96532831884910042 1 CAMERA 1 88
90 1 0.95113808272773692 -0.10034245513261389 0.24483024996188624 0.15914109458767856 -3.8037019858820988 -0.28599846148618885 0.059426952693682818 1 CAMERA 1 90
104 1 0.99946254085099684 0.0090671880689243561 0.027680203287981174 0.015040674257771417 0.16889047454070888 2.4470232397884497 -0.23731081459521461 1 CAMERA 1 104
105 1 0.99814590016002525 -0.059988786770435613 0.010281134712251692 -0.0006369651268608239 0.33794514836267286 1.2137954998182687 -0.54180773846090502 1 CAMERA 1 105
106 1 0.98075276542642986 -0.19055192227484768 -0.040068475537932136 -0.014439366116178697 1.3987309598987161 -1.0019677989497102 -1.1695686918266068 1 CAMERA 1 106
110 1 0.94981038361701131 -0.30602522075302346 -0.034208161171934648 -0.055123508103204849 0.44285036402211908 -2.2931635742572936 -0.76194465952363155 1 CAMERA 1 110
111 1 0.95827064973557219 -0.2092320920679539 0.19401081937879969 0.017294376779705266 -3.8849493854759438 -1.0649596761447966 -0.1943951857189892 1 CAMERA 1 111
