# Frame list with one line of data per frame:
#   FRAME_ID, RIG_ID, RIG_FROM_WORLD[QW, QX, QY, QZ, TX, TY, TZ], NUM_DATA_IDS, DATA_IDS[] as (SENSOR_TYPE, SENSOR_ID, DATA_ID)
# Number of frames: 124
1 1 0.88891369382981855 -0.017213167751100732 0.41072439011234746 0.20209311503522451 -0.7513752211274628 -2.2309816141098615 2.454043173200394 1 CAMERA 1 1
2 1 0.98260652045066144 -0.029754770692539033 0.16922234982543616 0.070447682065743089 -0.80160582149148818 -2.1895238453454544 2.7381506858475575 1 CAMERA 1 2
3 1 0.99915272937803323 -0.038869658558387199 0.013227252968627487 -0.0028306887651756867 -0.61769305468216373 -2.1577410055563919 3.0116794152475208 1 CAMERA 1 3
4 1 0.98573415395169495 -0.037902823552006325 -0.14160258896697966 -0.082705867372092984 -0.60674425420018541 -2.1614532371916075 3.226084047009484 1 CAMERA 1 4
5 1 0.95541505020058659 -0.037694452764511541 -0.26295113859616331 -0.12891046812410495 -0.20494824788952348 -2.0978176067945173 3.4024725302967349 1 CAMERA 1 5
6 1 0.89703197365248921 -0.044661166449291662 -0.38393965670295832 -0.21431135869879384 -0.26823836087535552 -2.1492135100395036 3.592150748103963 1 CAMERA 1 6
7 1 0.79478282826495505 0.0057497378555098006 -0.52398961560339763 -0.30614061989477226 0.16002267766868497 -1.9183922160996618 2.0047686279215098 1 CAMERA 1 7
8 1 0.71875078519944224 -0.015580898441702051 -0.61696229922707824 -0.32017505479248648 0.57843927272842155 -2.1536529682786738 3.4708196789340029 1 CAMERA 1 8
9 1 0.64208146219528439 -0.002790102330966512 -0.67528901341033309 -0.36291646366822139 0.4207982583759034 -2.1664232754188792 3.0628569580665967 1 CAMERA 1 9
10 1 -0.38585506808385256 -0.021916232798009003 0.80626679823824199 0.44784974626832497 0.44791475230671207 -2.2808330233857688 2.6928746818428539 1 CAMERA 1 10
11 1 -0.19732733026804303 -0.026529996303248173 0.85387074994984846 0.48089793761828481 0.46280006228849985 -2.3653091135103508 2.6177748137406089 1 CAMERA 1 11
12 1 -0.0099253914807857259 -0.03017093994196415 0.88047932666731832 0.47301940372297341 0.46152940126360231 -2.4828530938330999 3.1777586736661751 1 CAMERA 1 12
13 1 0.18382309981455888 -0.035900427010325815 0.8643473952057168 0.46671598185206337 0.21983734097703755 -2.7362526392626152 3.5398170629417964 1 CAMERA 1 13
14 1 0.30592234087420372 -0.0438206922454814 0.83730659067572666 0.45100880423353773 0.12731237906109527 -2.6170347963011866 3.3254060995560639 1 CAMERA 1 14
15 1 0.43732802336399829 -0.054032858643303865 0.80053403244706323 0.40616488408208679 0.056622718441921759 -2.4712682088849962 3.6248813457503406 1 CAMERA 1 15
16 1 0.51978241578246653 -0.057982609195601165 0.7684263559007124 0.36876170195854818 0.13581082170640799 -2.3299729554633148 3.734484279673302 1 CAMERA 1 16
17 1 0.62792924830448471 -0.051595810095368275 0.69596384784389198 0.34449536136019565 -0.53227370294257081 -2.4936888858369088 3.6450336034382067 1 CAMERA 1 17
18 1 0.70082841779170268 -0.068914602123097982 0.63659569790674819 0.31438228931734385 -0.5291578613986293 -2.522767510515926 4.0439990722898322 1 CAMERA 1 18
19 1 0.77155513665962594 -0.0775562435172759 0.56756461639742695 0.27669135584487736 -0.5973294290244533 -2.3763321414570919 3.962758476408438 1 CAMERA 1 19
20 1 0.77263259780020754 -0.021435115238833027 0.55188005690446607 0.31306198658145001 -0.46072255499687981 -1.6595207168017658 4.0747977753298379 1 CAMERA 1 20
21 1 0.90682720713894416 0.12831712076163221 0.33736176355360736 0.2176836544254693 -0.87237504258705501 -1.6825556721322978 2.5927457847489008 1 CAMERA 1 21
22 1 0.97663954231171046 0.15553228669954472 0.13606347708422117 0.058920644861841273 -0.94933006437419754 -1.630875539272493 2.5841207197138614 1 CAMERA 1 22
23 1 0.97236910784781272 0.16200091641990813 -0.11359427380929087 -0.12389657840351705 -0.51305212558561497 -1.3420048508098663 2.663121598692066 1 CAMERA 1 23
24 1 0.91217329492151811 0.14043273620013869 -0.29521929762627991 -0.24711149901291452 -0.06213329590885365 -1.2606175068646017 2.578059972139398 1 CAMERA 1 24
25 1 0.75036954660267552 0.10529784390790624 -0.50433199978833676 -0.41413420721927618 0.40327960543059732 -1.1985908734404249 3.0762373074174008 1 CAMERA 1 25
26 1 0.58950384502130004 0.076920253721048756 -0.64138314871449598 -0.48497025456998 0.64281647160079691 -1.5887581727254492 2.9739570052640607 1 CAMERA 1 26
27 1 -0.083635147279615366 -0.025734064580286136 0.77851584515543715 0.62149497093830952 0.27034323491668244 -1.9840882176446704 2.6924110380072945 1 CAMERA 1 27
28 1 0.10968103909286887 -0.024366628184264921 0.78563345531897566 0.60840480847705802 0.45065090680474845 -2.3738259456044397 3.4238315927313172 1 CAMERA 1 28
29 1 0.3131848714915455 0.0082498496585368675 0.75407959959357507 0.57724443152466098 0.18374653928747578 -2.1032697553118962 3.383697709075824 1 CAMERA 1 29
30 1 0.61978271092118742 0.059609766001952863 0.63313634370766814 0.45984175247237152 -0.51128231550885372 -2.1819518017116715 2.676651581866154 1 CAMERA 1 30
31 1 0.73161147266717041 0.071651249811419543 0.54957459349193094 0.39696160727507984 -0.26566055002227656 -2.0643521019575855 3.3869259890413828 1 CAMERA 1 31
32 1 0.93167713505811234 0.18931201696991079 0.24819999972510445 0.18583712324815632 -0.88452842222671135 -1.4509606549639937 2.1010433585575226 1 CAMERA 1 32
33 1 0.96345511210411083 0.25066390159206847 0.0053552591279648872 0.094303640432220573 -0.54317005690024345 -0.8025602085211494 3.148978858574 1 CAMERA 1 33
34 1 0.75678931279703554 0.17898017947759889 0.48648972586643219 0.39820067556040273 -0.86945962651703146 -1.368473907646204 3.3646534123531304 1 CAMERA 1 34
35 1 0.022596194372455195 -0.042134776321607316 0.76665588061115475 0.64027559171699278 0.35442762900695229 -1.7768606020700857 2.597351940761607 1 CAMERA 1 35
36 1 -0.10446334027498584 -0.05687446528943519 0.76475554551127511 0.63324691972909397 0.42017458011153291 -1.5588550638528462 2.5162289472234289 1 CAMERA 1 36
37 1 -0.35935159577511094 -0.083243251739330809 0.71160563011313205 0.59795854274776949 0.68232152436045035 -1.4503504202652717 2.7904179993058476 1 CAMERA 1 37
38 1 0.62524270297952944 0.12218180570848014 -0.57748618598119061 -0.51054174533094265 0.0092241485323525454 -1.3531054616787619 2.5925664069939001 1 CAMERA 1 38
39 1 0.91262439599804912 0.074548695240544929 -0.29622497870773212 -0.27167989593772313 -0.41656209953072598 -1.5789854329692583 1.7507207925892634 1 CAMERA 1 39
40 1 0.95128630323200181 0.078258443951313567 -0.22433764698637135 -0.19647545744476344 -0.42753476719633143 -1.4758832290767934 3.3708295821998249 1 CAMERA 1 40
41 1 0.97536381434616071 0.20609506767648003 0.073561042780893746 0.02791103238009339 -0.7342652933012993 -1.5002814833509042 2.0134818305893454 1 CAMERA 1 41
42 1 0.95255848015211109 0.025172941394738631 0.27079829704900593 0.13662703695533979 -0.68312000429417374 -1.9925888749939973 1.1958645423457017 1 CAMERA 1 42
43 1 0.9548442176163765 0.00074807595449914548 0.26776774126842579 0.12873382307280959 -0.67132465018085863 -2.0264946774114989 1.6595110094750984 1 CAMERA 1 43
44 1 0.96087290707974438 -0.040470496824225016 0.25253862826119322 0.10634677504690183 -0.82762644296141907 -2.7241143648712018 3.9553698734164708 1 CAMERA 1 44
45 1 0.95868916389574999 -0.06989390830305095 0.25752743854301963 0.098537033690201628 -0.8589117334523213 -3.1304373753164421 5.9847987964278371 1 CAMERA 1 45
46 1 0.99744678725258418 0.053062787150846454 -0.031178757809273649 -0.036223366502200947 -0.75152841643146584 -2.6916892626335627 4.5993039954227646 1 CAMERA 1 46
47 1 0.96555758193694341 0.11960954258672621 -0.19160280588001516 -0.12915292511275969 -0.43979710294990509 -1.4963190956987049 2.268282185744777 1 CAMERA 1 47
48 1 0.70872420119490798 0.075769498431637439 0.60349073641383877 0.35744638872247725 -0.78086300282932608 -2.2764920796588966 2.8753316150974753 1 CAMERA 1 48
49 1 -0.009801462516528683 -0.027924408366577357 0.76906099693994678 0.63848989164719672 0.54062764584886414 -2.391566253364497 2.6439156615972572 1 CAMERA 1 49
50 1 -0.1367897734868154 -0.02712867770265829 0.85809867901921877 0.4941854406809279 0.71721960317154521 -2.805995785799444 3.152753632348456 1 CAMERA 1 50
51 1 -0.47946511729972296 0.025595164390764445 0.72488190225830562 0.4939679307717792 0.27843703429666727 -2.3445062082594652 3.2984200615449675 1 CAMERA 1 51
52 1 0.68337088217617437 0.0024503220784628551 -0.61246289315336433 -0.39735052261910991 0.14475199435833255 -2.0464654215959284 2.6060168570327251 1 CAMERA 1 52
53 1 0.84738236539532663 -6.1774751507471794e-05 -0.45595603573402704 -0.27211618194920328 0.013142634256304145 -1.9342349468946489 2.0540005116736637 1 CAMERA 1 53
54 1 0.94584130045882253 0.032865810425615691 -0.22712391454026573 -0.22960574970008277 -0.66943059247203263 -1.9214336133538976 2.6541543949621627 1 CAMERA 1 54
55 1 0.99835830206391163 0.0028572345854945788 -0.015553631706429743 -0.055051080382930224 -0.71228936642036833 -2.1522950755825523 2.4426332282230514 1 CAMERA 1 55
56 1 0.99747415727016975 0.034348201398767833 0.061488664617077048 0.0092005848967872169 -0.61106520070024428 -2.0603815211764371 1.6882103955032919 1 CAMERA 1 56
57 1 0.80008602209560542 0.050751607128679682 -0.48400738025170387 -0.35074704201599366 0.31956026854244723 -1.5940648159155786 1.1946743232459005 1 CAMERA 1 57
58 1 0.79934638068571173 0.054805209024277053 -0.4861788612889742 -0.34881494747819386 0.34605638001172934 -1.6174713919493837 1.1591965778459039 1 CAMERA 1 58
59 1 0.69067913288710703 -0.0033618122726230774 0.62456781180549126 0.36450800000693834 -0.66229025901234606 -2.9100975406645375 4.9117858887240642 1 CAMERA 1 59
60 1 0.6773026413137484 0.0045671906497753269 0.63275882471926748 0.3753085964628044 -0.36110972660881746 -2.3542754977047138 1.6474781557487352 1 CAMERA 1 60
61 1 0.39073856505560933 -0.057998755474143696 0.83974190275809657 0.37254939926665492 -0.046118970080041004 -2.9857736527707996 6.6027165571909476 1 CAMERA 1 61
62 1 0.15402010446704806 -0.015640500478831962 0.81692248703740811 0.55558152627435975 0.27038600290216641 -3.4031802871747736 9.8063536320355453 1 CAMERA 1 62
63 1 0.063031029874468625 -0.019599671806842363 0.8136794181027911 0.57755410715701017 0.65744288541655227 -2.759351965343749 4.3722698636586994 1 CAMERA 1 63
64 1 -0.27393005844782953 -0.05249123144115931 0.76328496327236117 0.5827547155904188 0.79270012730908346 -2.1791366597852861 3.5762438345308292 1 CAMERA 1 64
65 1 0.50638349107221137 0.084842196304134948 -0.67814995650081278 -0.52582335265158786 0.56539885745564433 -1.9350159188101381 3.3352055899412281 1 CAMERA 1 65
66 1 -0.013776134608887058 -0.058865735918829716 0.78430361328544218 0.61742439653561798 0.45965336684701874 -1.8176829640667849 3.6095517320437658 1 CAMERA 1 66
67 1 -0.21848348298464898 -0.067521982610113482 0.79856656167286677 0.55677391830551104 1.1305244546831887 -2.4853417455861249 2.5684430129728533 1 CAMERA 1 67
68 1 0.52014846710298313 0.052158453078901323 -0.70750029557493821 -0.4755716556989158 0.60204482260653069 -2.1783010107498502 2.7112463445487274 1 CAMERA 1 68
69 1 0.74108934938989901 0.03499372499399634 -0.55676696654585056 -0.37359411183158731 0.30382672550192302 -1.6319053521493898 0.80262654842018244 1 CAMERA 1 69
70 1 0.81921883673274998 -0.014958278880236228 -0.49915232256560405 -0.28196401598882109 0.13134172211377318 -1.8587438711573903 2.2802353535129232 1 CAMERA 1 70
71 1 0.9915437536499766 0.046505159032948523 -0.085289840364037181 -0.086045905839334955 -0.56593028338794138 -1.9794200492994249 1.0784884838938882 1 CAMERA 1 71
72 1 0.97717883617824641 0.010272094595710985 0.19503519085023868 0.083530117490373215 -0.56462920153338048 -2.1526674903705514 1.7766225116256151 1 CAMERA 1 72
73 1 0.9051078717024218 -0.01766334997441129 0.38182492345299268 0.18621888862333549 -0.57048305486353779 -2.4973172973980811 2.8051468005253417 1 CAMERA 1 73
74 1 0.90751801711046964 0.081383794187534844 0.3501329557785286 0.21724327363882476 -0.74900398125427536 -1.847527741553159 2.4604672741839804 1 CAMERA 1 74
75 1 0.98443389563975936 0.15643514842020714 0.05876433284793544 0.054449082996981132 -0.45068843787186763 -1.3684752784919048 1.9583940031357223 1 CAMERA 1 75
76 1 0.80394190961061052 0.098356832389991239 0.48120204481656037 0.33533256859155974 -0.76146394006421469 -2.2292939438969595 2.2727127166289169 1 CAMERA 1 76
77 1 0.66821158578112683 0.0059870563787587008 0.64320422974765323 0.37382582925544022 -0.49409720152537095 -2.6336694712282118 2.175177319366786 1 CAMERA 1 77
78 1 0.66678254638288881 -0.0019414623890324726 0.64493870393706176 0.37343183411022407 -0.47364662248951067 -2.7659336350156307 4.1752262735160555 1 CAMERA 1 78
79 1 0.53946481237649302 -0.019685577655253875 0.73380538318565147 0.41245588109243059 -0.34688949745721731 -2.8219150762389367 3.0558554278122227 1 CAMERA 1 79
80 1 0.35002750459454796 -0.029780433363168487 0.811475304131269 0.46701360001725845 0.14722314578622497 -2.5652680620727266 2.5627055919077684 1 CAMERA 1 80
81 1 -0.011917332607828218 -0.032454400834628853 0.85383089740792995 0.51940108556061826 0.31854205435328514 -2.5293683294200715 2.2433110385050621 1 CAMERA 1 81
82 1 -0.21693533936006656 -0.01642300779656326 0.82164508499184452 0.52684788854126718 0.41363372798622311 -2.3928969014056998 1.7939840104459861 1 CAMERA 1 82
83 1 -0.15974759067726266 -0.030503507265036527 0.82645737550352194 0.53899763431129477 0.4660028608100924 -2.2818731186752452 2.7548375680101711 1 CAMERA 1 83
84 1 0.50107256457851868 0.072627701151886381 -0.70582468502981477 -0.49544224290492367 0.47321497513965938 -2.1495243208765102 2.2807609267445144 1 CAMERA 1 84
85 1 0.54585198269180435 0.077174670881042781 -0.6701223768795268 -0.49701678359101958 0.3725134401381584 -2.0429176535631597 3.7910327813793527 1 CAMERA 1 85
86 1 -0.44025962337634189 -0.073253709349577117 0.74571061033401354 0.49469287818435614 0.72104363891937384 -1.9538175680050835 0.78371042232548793 1 CAMERA 1 86
87 1 -0.1998624382595687 -0.05150676296031511 0.82547207440018755 0.52535503569276032 0.78898440981754103 -2.4443194870334128 1.9065582195398403 1 CAMERA 1 87
88 1 -0.037774979087752257 -0.048792811041279902 0.85366537343039728 0.51715350018302153 0.73656984324542485 -2.3568874447166235 2.1217590086362272 1 CAMERA 1 88
89 1 0.022274539941244457 -0.059277828408919798 0.86178819036311072 0.50330020751059057 0.61456114281367136 -2.319481608436643 4.0226365002215188 1 CAMERA 1 89
90 1 -0.071468554765697911 -0.058255237901678254 0.85660309548715796 0.50767086752987944 0.380642677537125 -2.296806662671401 4.2069145499805485 1 CAMERA 1 90
91 1 0.63851041384222262 0.03898891399147808 -0.64716771526801398 -0.41467850717824495 0.71075830112755745 -2.508450431655044 3.2467936579407333 1 CAMERA 1 91
92 1 0.67870043294301807 0.022979892587860318 -0.61610323353585472 -0.39906697744398073 0.24025922700243263 -2.2413209037632775 2.4136939741917005 1 CAMERA 1 92
93 1 0.75115134890380708 0.028345198399012225 -0.5540427051249821 -0.35777769866986392 0.001140218013799942 -2.2251750315499179 2.2490595255955541 1 CAMERA 1 93
94 1 0.82221129727473119 0.008685448838918473 -0.48749292188092774 -0.29367294177071523 0.016045051917185933 -2.0052381689777765 2.2952504116959922 1 CAMERA 1 94
95 1 0.77182726018928904 0.026238655654436754 -0.53792019650905998 -0.33798827726091007 0.4146908684198744 -2.0912920212240991 5.5108535289601015 1 CAMERA 1 95
96 1 -0.47182099018958773 -0.043389420954392716 0.71276073884062041 0.51717931177990151 0.023356952088145713 -2.0727714208795223 6.1437063976174562 1 CAMERA 1 96
97 1 -0.065947897784219528 -0.035082979799647966 0.80388420155187257 0.59007647792597884 0.11896803592843723 -2.598450219258901 6.5450031663733359 1 CAMERA 1 97
98 1 0.084494190522512821 -0.012715775135696088 0.79829800612638613 0.59617055801614383 -0.010044834309880473 -2.4906706333585817 4.6472585391725225 1 CAMERA 1 98
99 1 0.25153349065931818 -0.0070371440810685446 0.78155177099071893 0.57083991708813753 0.099494227238985822 -2.306511221765327 3.9286818139095745 1 CAMERA 1 99
100 1 0.40449200661048029 -0.0068887938611433622 0.75801366039748364 0.511619049448097 0.12296983547493129 -2.3047843512988906 3.272635903770329 1 CAMERA 1 100
101 1 0.79736084495101245 0.068537099260455675 -0.48173994882663485 -0.35699435663394091 -0.27353966715461275 -2.0308161935173463 4.6536043059724541 1 CAMERA 1 101
102 1 0.75312215847655017 0.067763617554913669 -0.53235475424211542 -0.38054371914841861 0.044227632997311826 -1.9467949522929142 2.4525001147520848 1 CAMERA 1 102
103 1 0.85107256141326926 0.068378529885303296 -0.4268736443242096 -0.29795765410801256 0.027427346621122669 -1.6839486345463819 1.2809091882783497 1 CAMERA 1 103
104 1 0.88338903177744965 0.056915818693269546 -0.36982044245646423 -0.2821652857087138 -0.26129176899285189 -1.8699498667889731 2.6200973508655654 1 CAMERA 1 104
105 1 0.91480099300499418 0.065877897883336006 -0.31215168614539895 -0.24771065904424452 -0.30227348147147964 -2.2705313326577481 3.7768437642819164 1 CAMERA 1 105
106 1 0.95584753848051418 0.053135777951993 -0.22286828637025521 -0.18401575805502207 -0.58521965675790133 -2.5750749461755498 4.3754319384820466 1 CAMERA 1 106
107 1 0.96383084836315647 0.015944031069019 -0.19263711839210951 -0.1834852153019772 -0.79484974023222932 -1.8348380122881798 2.7573487251216582 1 CAMERA 1 107
108 1 0.98345234507940815 0.085164066301863614 -0.12336738895210417 -0.10173030085419395 -0.70601677982263344 -2.8659019987690693 6.1808931834281129 1 CAMERA 1 108
109 1 0.99051224298413854 0.089093571572603933 -0.077663156954468071 -0.070116089842730808 -0.38034394031524665 -2.0307239171601736 4.4042948983694261 1 CAMERA 1 109
110 1 0.99144466874359194 0.10582487509469156 0.071206292459103523 0.027716936074011319 -0.82949411003153273 -2.0684547491941596 3.5230168973757099 1 CAMERA 1 110
111 1 0.99675831115225733 0.03644974177801634 0.067121366429141419 0.025278600473534089 -0.56963043276088876 -2.5286610847694964 2.119600142346282 1 CAMERA 1 111
112 1 0.99365877093563104 0.043262523039507964 -0.082744963345672939 -0.062640818033216167 -0.56299925260764838 -1.8072609798152526 1.0551585779490107 1 CAMERA 1 112
113 1 0.99390052312365507 0.036358389996126554 0.094017127588899241 0.044728037418905749 -0.77657356611002915 -2.3004166289205452 2.7322115434420637 1 CAMERA 1 113
114 1 0.99550501215597331 0.090526542503739232 0.027793758847801709 -0.0014909204419825529 -0.78123660417593443 -1.5655903107374949 4.0794556827801767 1 CAMERA 1 114
115 1 0.97493439008533633 0.12251718121368617 -0.13564299745098995 -0.12685997232735399 -0.28558884566670611 -1.355829267990601 4.050831882940888 1 CAMERA 1 115
116 1 0.94317525966288918 0.10338749523623518 -0.24821623192675601 -0.19524384137970185 -0.32604161148962246 -1.1223424429756432 4.0219813494655776 1 CAMERA 1 116
117 1 0.92758835184631372 0.074102227454222111 -0.30841419435605816 -0.19740667193655315 0.08042756009482134 -1.5872576490979038 3.1272692704780471 1 CAMERA 1 117
118 1 0.96746164994860107 0.054074268397070198 -0.21391056403991002 -0.12383941201483292 0.53611863762316803 -1.920063499827787 1.9551012530805953 1 CAMERA 1 118
119 1 0.99075100272888961 0.13125741530060739 0.033063621941410215 0.0095256718618345494 -0.47704764799104621 -1.7159938839353133 2.3998835614096317 1 CAMERA 1 119
120 1 0.93689345979089134 0.14453577926514738 0.25330212594247142 0.19281619876528677 -0.13600826190947637 -1.7337110123730319 1.5047081812339838 1 CAMERA 1 120
121 1 0.90090384171849613 0.11646604976766207 0.34436583863835135 0.23710777382295214 -0.76533195968944367 -2.2271253651037619 2.1672788977205006 1 CAMERA 1 121
122 1 0.90003078184650043 0.13414261280217712 -0.34365657258268839 -0.23205712934556041 0.43544678633019257 -1.3544231248952228 1.1725828812467729 1 CAMERA 1 122
123 1 0.89594894376361989 0.099299352532898344 -0.3502592808977894 -0.25442791690450256 -0.09414067006639569 -1.2892346010912217 3.0116247072360971 1 CAMERA 1 123
124 1 0.93346852636865152 0.096773178839703905 -0.26617914196452985 -0.22004573733527202 -0.12853017716765755 -1.5202968519117577 4.5562953241861708 1 CAMERA 1 124
