# Frame list with one line of data per frame:
#   FRAME_ID, RIG_ID, RIG_FROM_WORLD[QW, QX, QY, QZ, TX, TY, TZ], NUM_DATA_IDS, DATA_IDS[] as (SENSOR_TYPE, SENSOR_ID, DATA_ID)
# Number of frames: 69
1 1 0.9982661751149996 -0.033675237279104021 -0.046243298587541552 -0.013862876729184381 0.61870777728554138 -2.6173917637740929 0.35604581655811679 1 CAMERA 1 1
2 1 0.99674939658707828 0.0077058763817463242 -0.021636420829061816 0.077221274051858704 0.54306470799501971 -1.9874041638464637 0.21245731753160987 1 CAMERA 1 2
3 1 0.97631777449953439 0.022931776808868674 0.064477383105393471 0.2052325604687153 0.072026414837872588 -1.7266777859284077 -0.16858653701573367 1 CAMERA 1 3
29 1 0.99435023268427014 -0.029531024303615434 -0.091242218628901112 -0.045501548369182999 1.2924245879319451 -1.8907859088895682 -1.0414776296775972 1 CAMERA 1 29
30 1 0.9971535779272509 -0.061301906191499812 -0.042648823831199403 -0.010387307157585244 0.91075728707674997 -2.7022770772844851 2.5885797953806278 1 CAMERA 1 30
31 1 0.99056198586222 0.024291188149478764 0.059558045681672819 0.12103606709391032 0.16065690285318526 -1.3100031312080034 -1.3480467124069662 1 CAMERA 1 31
33 1 0.9869720744328071 -0.036625554907125199 0.057223362875879452 0.14584299694782143 0.15340999086794418 -2.3969383386945422 -1.0139594891109349 1 CAMERA 1 33
34 1 0.98921376584940623 -0.046725292692049315 0.044184246261139877 0.13160784497594882 0.19060764639554159 -2.1793541193594801 -1.7446262762103593 1 CAMERA 1 34
35 1 0.99104019863410497 -0.043134085571213419 0.05039948078025918 0.11592526769557036 0.088087660619193653 -2.1752077078666425 -0.71286564099761673 1 CAMERA 1 35
36 1 0.99179443511362431 -0.052591687773051322 0.022900931464242182 0.11425174043706705 0.27723862257818804 -2.3941743459641294 0.33504824996332361 1 CAMERA 1 36
37 1 0.99266632522532949 0.027302820460023552 0.016037712716695109 0.11666582417051247 0.18364724445785657 -1.6845981671153685 0.75074105212802889 1 CAMERA 1 37
38 1 0.98294278820753411 0.15729419255889338 -0.0091480715928477785 0.094859500758630491 0.12657877024310954 -0.22335688019934027 0.0078031741538574177 1 CAMERA 1 38
44 1 0.071352730454827193 -0.0040728634952366003 0.4991796336342153 0.86354611515795765 -0.58276065035189095 -5.2287756273476083 1.5640729051054878 1 CAMERA 1 44
45 1 -0.020979026250577505 -0.0079456709871800861 0.50895636394759214 0.86049995140463986 -0.24563644123455639 -5.2605292689505854 1.6913966948126655 1 CAMERA 1 45
46 1 -0.15961839293754718 -0.0059475566095480237 0.50329621808734426 0.84922288715353611 0.19540831841201534 -5.1656588182036822 1.9749365923826905 1 CAMERA 1 46
47 1 -0.29818656417019856 -0.018993056426546487 0.49430580679499653 0.81632457155514915 0.82224280055365417 -4.7570759138338365 2.1525528582215099 1 CAMERA 1 47
53 1 0.90611527939118364 0.061091969877621305 -0.23835902880374249 -0.34410441011129994 1.3493280215419536 -2.3361286010892148 1.265616100006552 1 CAMERA 1 53
54 1 0.96400680778992665 0.056484323897848375 -0.17001401130060187 -0.19645770957118808 1.040822365423157 -2.107729735670191 1.426663266323515 1 CAMERA 1 54
55 1 0.99046725533288549 0.066052691522382273 -0.1063126143311255 -0.057526394725128105 0.44562886391234602 -2.0360586883792386 1.2924116835868305 1 CAMERA 1 55
56 1 0.99061775093354976 0.071437548952569499 -0.025905530225442265 0.11358719839288023 0.13994406727671851 -2.0175338874031814 0.92975200462727292 1 CAMERA 1 56
57 1 0.95129056583525218 0.077687905052551132 0.053096702892672945 0.2935840406141294 -0.50366637052414343 -1.5688781181837641 0.37697737144020355 1 CAMERA 1 57
58 1 0.84145369530758563 0.075434132057103365 0.13784921027436009 0.51697482105102155 -0.871550271510942 -1.9650283595053764 0.62277539757508049 1 CAMERA 1 58
59 1 0.70375315643171799 0.084407190130635024 0.19309618225066849 0.67846944328161263 -0.82029174637486446 -1.896278968487366 0.65921565480191568 1 CAMERA 1 59
60 1 0.60279253931231325 0.059325963640059605 0.24008402617938818 0.75860480156738175 -1.0110516728952115 -2.4856032006421311 0.4305982609564899 1 CAMERA 1 60
61 1 0.99297365645033764 -0.081484026132771614 -0.085256930346162468 -0.0097430441233908316 0.72169028431212356 -3.2825709291210408 -0.1346371703398804 1 CAMERA 1 61
62 1 0.99794278811450277 -0.028365193354148329 -0.057489567192367606 0.00074640489603720189 0.6827146060238326 -2.3876376404952495 -0.085063006722247175 1 CAMERA 1 62
63 1 0.99452314888638815 0.082710100795559238 -0.046314560833558747 0.044019393570179026 0.60448226539788075 -1.406391447503345 0.094308226890349969 1 CAMERA 1 63
64 1 0.98279465168542157 0.16953499440818914 -0.043332151818996585 0.059117534693875283 0.4383394046969043 -0.27325523351083364 0.20463330534278371 1 CAMERA 1 64
65 1 0.96027308850669657 0.26460354023810717 -0.049055985644432275 0.073851690946949974 0.35294516251880986 0.8367559967136432 0.14364381544369845 1 CAMERA 1 65
67 1 0.9836267362113108 0.15200943465360622 0.056760649635195885 0.078420687573917763 -0.70504810039422394 -0.32645763210524203 -0.016679946434977094 1 CAMERA 1 67
69 1 -0.063663170938206434 0.050129420146223715 0.53726567412192672 0.83951154686055862 -0.30326315540759724 -4.8893941897381152 1.2709729819833797 1 CAMERA 1 69
70 1 -0.062424276014419251 0.05585359788496698 0.49163855493176745 0.86676128009503484 -0.093390658034413099 -3.8482011086262546 2.3666686107304948 1 CAMERA 1 70
71 1 -0.034173450405110189 0.023590036406528927 0.36583995941941622 0.9297509395325978 -0.16707670907077221 -2.9975235644612699 1.4386457072107304 1 CAMERA 1 71
73 1 -0.040599155257732458 0.035136514922774066 0.15786446865048376 0.98599997132309325 -0.53414665376558168 0.43062988864918617 2.5214886516434407 1 CAMERA 1 73
74 1 -0.020646101172699247 0.039131726548763929 0.05881158633781397 0.9972881448187928 -0.38031299326689205 2.0751860910706408 2.6011799885815545 1 CAMERA 1 74
75 1 0.99742106914555906 -0.031841721187629533 -0.064316778057232876 0.00081711484849566443 0.29968434536759264 -3.2276960628409137 3.307389630795003 1 CAMERA 1 75
81 1 0.69964703181368293 0.11306750573749051 -0.18536067905597323 -0.68069904413074822 0.95997787289932512 -0.20211756122222113 3.1449418152831354 1 CAMERA 1 81
82 1 0.68462982602177069 0.15637089183224928 -0.12719951073209854 -0.70046443876795184 0.84627880878306272 0.96343002228800112 2.6140714793432496 1 CAMERA 1 82
83 1 0.65611202830042126 0.20044215008439403 -0.072799606726384025 -0.72390618732646306 0.78649505259921748 1.919624275747849 2.0102029667617263 1 CAMERA 1 83
84 1 0.64512303733395737 0.23364682684438598 -0.014907241312115873 -0.72732606248024778 0.34172673663887276 2.2971547052166623 2.9149237665470533 1 CAMERA 1 84
85 1 0.61845808411949277 0.2690798426907855 0.031981701594011341 -0.73761969008961548 0.42953107476131591 3.3936683080984875 2.8982695510525978 1 CAMERA 1 85
86 1 0.76028922352337514 -0.026285658822835536 0.29240773408414994 0.57945412051537448 -0.58307211294735362 -4.4045547870634962 2.4343008125714771 1 CAMERA 1 86
87 1 0.95701412298111677 -0.076448420777332757 -0.19831657654187998 -0.19735790545109766 1.1285136884879114 -3.4470879359415432 1.0023282604601431 1 CAMERA 1 87
88 1 0.96191762075544807 0.010082189647662538 -0.17758768183616638 -0.20754627337570619 1.1023294088304572 -2.2461058379486034 0.63409137860115428 1 CAMERA 1 88
90 1 0.93153122140296252 0.16527241874605711 -0.11408599956899243 -0.30318145697861665 0.9984707307211026 0.70894776589258834 0.060020951987484146 1 CAMERA 1 90
91 1 0.89037730217554079 0.25936647756776737 -0.048601650775078879 -0.37093822885573835 0.85047148327819089 1.7677460217627365 0.34176793990964016 1 CAMERA 1 91
92 1 0.86365537911559243 0.33476234059661508 -0.02779371341486812 -0.37584713772701611 0.97963942563629192 2.7377613987178786 0.6058602190971154 1 CAMERA 1 92
93 1 0.83245740817917269 0.3861860507589831 0.018815411211493823 -0.39688912566072798 0.84931732075476007 3.6798826429602971 1.1695232481966973 1 CAMERA 1 93
94 1 0.80692496498288435 0.43129750853371829 0.008986033924179633 -0.40345236548357416 1.0673250951449518 4.1972627351039264 1.304425410853407 1 CAMERA 1 94
95 1 0.3918058258029794 0.0098516190407563955 0.47740609148428781 0.78643153820457679 -1.0907751831982386 -4.3554356893909771 1.0937106063919513 1 CAMERA 1 95
96 1 0.95809263018413982 -0.062151823075409146 0.1340249450644419 0.24542407578661365 -0.91747819170542699 -3.3561965978377333 0.18767069222867419 1 CAMERA 1 96
97 1 0.95279636391376632 0.024161574124644713 0.114434501840308 0.28017860738658412 -0.93183667588678765 -2.0671081523992183 0.33061353535458887 1 CAMERA 1 97
98 1 0.9393363304525566 0.10444207931421085 0.092346124851146183 0.31338682739615287 -0.87533102262056617 -1.0997219918250078 0.23937282161483758 1 CAMERA 1 98
99 1 0.9261021305077819 0.17049035281896163 0.055249387146619547 0.33198703089810044 -0.42187104486290394 -0.22146371511800295 0.31321300468084978 1 CAMERA 1 99
100 1 0.91462544932867229 0.22373357208980688 0.027371854646942022 0.33564022067303906 -0.27272225013197077 0.74092180319626399 0.69323205719777214 1 CAMERA 1 100
108 1 -0.11774986910270058 -0.0024947883091239798 0.13299946767166784 0.98409343355021062 -0.35846543662708907 0.19844810322167977 -1.7591885448727789 1 CAMERA 1 108
109 1 -0.10787893526504973 0.0028668369348745265 0.11520164564533461 0.98746265621170448 -0.098495359843000049 1.2351399749434337 2.1074534291342069 1 CAMERA 1 109
110 1 -0.084579140092630317 0.011145019973999961 0.12380221820398776 0.98863297960301866 0.22752018583014147 1.9656887160730481 4.7975075094629815 1 CAMERA 1 110
112 1 0.23417363442833788 0.1764660209607091 0.073501796743600606 0.95321557806216128 -1.413556991960675 1.814010638866455 1.5127582735222684 1 CAMERA 1 112
113 1 0.22174542886152915 0.17849925289329818 0.071213704324266575 0.95597886473078841 -1.4895007763731103 2.5693762668479487 4.2417403532479678 1 CAMERA 1 113
114 1 0.23133466066989242 0.17221549265154784 0.071148918869196789 0.95486330446157308 -1.2331534549977301 3.099045907668486 6.3789518955637678 1 CAMERA 1 114
118 1 -0.25548581121954383 0.04973030314780353 0.59791266830174894 0.75812554257101905 0.61263932100025953 -5.7189117151868567 1.8896701959017792 1 CAMERA 1 118
119 1 -0.010758396512191728 0.025482880541011898 0.6039917109585432 0.79651044738734644 -0.25872225198423965 -5.668139300105504 2.0688849054801497 1 CAMERA 1 119
120 1 0.27328978640445845 -0.0058700461858928526 0.56424483422470573 0.77904172048454212 -1.0798989536392256 -5.2905892809835384 1.9762898177566655 1 CAMERA 1 120
121 1 0.0012330629613179452 -0.012978344522342112 0.46433316265475721 0.88556465387244521 -0.010905363957664588 -5.5978606363707764 4.8853911912627481 1 CAMERA 1 121
126 1 0.94136578635722312 0.099811380268213706 -0.19171880195784649 -0.2590599266981462 1.8564355035891418 -2.5203723762719989 3.9134236103107374 1 CAMERA 1 126
127 1 0.98500169261679926 0.093586313853515318 -0.12367588907798792 -0.075614428928089575 1.7642925013691424 -2.1377401716116311 3.9014981427444333 1 CAMERA 1 127
128 1 0.98457865315376281 0.10616758610142235 -0.034378121053185065 0.13472736992969234 0.31618001408292262 -1.8421452220115375 3.4407896043298805 1 CAMERA 1 128
129 1 0.90601212548609888 0.10572753863141016 0.062982309483009299 0.40496536239447856 -0.10184666881388227 -1.5842811750817047 2.6545925340727403 1 CAMERA 1 129
