# Frame list with one line of data per frame:
#   FRAME_ID, RIG_ID, RIG_FROM_WORLD[QW, QX, QY, QZ, TX, TY, TZ], NUM_DATA_IDS, DATA_IDS[] as (SENSOR_TYPE, SENSOR_ID, DATA_ID)
# Number of frames: 19
7 1 0.85137112556800032 -0.10139428123504288 -0.19370011664533821 -0.47682981355352333 4.3284913469888071 -1.9935824591136764 1.133718596377211 1 CAMERA 1 7
8 1 0.9085376070360266 -0.13728833802200219 -0.15397311655280202 -0.36332300811182372 3.3200439493085212 -1.6252758613335492 0.82381920862059721 1 CAMERA 1 8
9 1 0.95004856723964881 -0.18908646035156726 -0.080976696246372881 -0.23472708634205025 1.8952073665758937 -1.373528467296208 0.92619467344493778 1 CAMERA 1 9
10 1 0.96985200604510091 -0.22219193509150281 -0.025271583662896759 -0.096846153303867311 0.53401883728077038 -1.7049573278008159 0.90770502928817953 1 CAMERA 1 10
11 1 0.97679678774332002 -0.2128085008222772 0.012607746941745735 0.020533439779038067 -0.3215042440805379 -1.3959200692293017 0.60523215458374413 1 CAMERA 1 11
12 1 0.96084584437896869 -0.20792858992164603 0.089074911363550613 0.16002070178085864 -1.9886344087929031 -1.7714493256632293 0.77479214219042147 1 CAMERA 1 12
13 1 0.89363200198265924 -0.22059803547168913 0.14889938391215235 0.36136868327108457 -2.7946895093797686 -3.0427773704621122 1.1095191640936204 1 CAMERA 1 13
22 1 0.96008439957305469 -0.25944368975606824 0.052566160089759742 0.090353286357619786 -1.2594264142349656 -1.8876185525534361 -1.5641526591559687 1 CAMERA 1 22
23 1 0.95692476509411006 -0.25425714868496446 0.063002781179655909 0.1252155974940925 -1.5822442996410937 -3.0850867527793984 1.2487522246573195 1 CAMERA 1 23
24 1 0.9640415015989755 -0.1733655139155604 0.067783741131132641 0.18966746220122635 -1.9946648116923786 -1.0407929697959823 -0.57134149463094686 1 CAMERA 1 24
25 1 0.97067190492347943 -0.10274364862478569 0.063560918412398609 0.20784562855653949 -2.1186925543020791 0.3328239242078167 -0.11294348969344388 1 CAMERA 1 25
26 1 0.97199055375700261 -0.0046818036681976699 0.068861017868809923 0.22465663653593551 -2.5488246886841606 2.0143627408737581 0.91314227866022724 1 CAMERA 1 26
27 1 0.95764474146531842 0.12345058649255482 0.070407096589131329 0.25043830096124758 -2.5648635806144608 4.1115916385716575 1.1067166767320931 1 CAMERA 1 27
41 1 0.9585027950830749 -0.20371736609600047 -0.053001100900678902 -0.19225636497176632 1.5419484919219875 -1.4919976975837144 1.5943669844649071 1 CAMERA 1 41
50 1 0.85869951226965469 -0.10058105989872533 -0.16757905788088556 -0.4737466172726314 4.4761944279721586 -1.9677650063324632 1.5646541660834306 1 CAMERA 1 50
51 1 0.91625186519133694 -0.15537139304696893 -0.12682468972820879 -0.34678198890857048 2.8234136646436441 -1.5190628312343271 1.6736807983409285 1 CAMERA 1 51
52 1 0.97763475638325426 -0.20305512723531424 -0.0068642083545811935 -0.054330295955115411 0.88189705462494028 -2.035866118435075 2.4647693005465858 1 CAMERA 1 52
53 1 0.97556188238253105 -0.18462442202796564 0.076015460764975215 0.0917305083261893 -1.4648329609466109 -0.92491819971244316 1.8399381815446878 1 CAMERA 1 53
54 1 0.91900856627198857 -0.18166888569513068 0.14713897026929765 0.31744258459930119 -2.6551879579391007 -1.7791456352041393 2.3785629639910053 1 CAMERA 1 54
